0 0.750071 0.501131 0.0601254 0.0916267 0.971497
2 0.661813 0.491605 0.048328 0.0793501 0.964238
5 0.255452 0.422546 0.0898087 0.075632 0.947648
2 0.100024 0.657852 0.153128 0.098728 0.941906
10 0.376992 0.634317 0.0135032 0.0349157 0.907512
2 0.410411 0.740459 0.186713 0.0346353 0.876193
10 0.231036 0.53642 0.0283642 0.0147001 0.869741
5 0.287595 0.580772 0.0703932 0.0525243 0.868151
5 0.202962 0.578084 0.0303029 0.0350782 0.849982
1 0.312047 0.537737 0.0293789 0.0151574 0.847997
2 0.93085 0.474623 0.0493886 0.459442 0.833682
1 0.338298 0.502837 0.0292962 0.0154513 0.833127
10 0.355257 0.552757 0.0277709 0.0167082 0.824513
10 0.188909 0.334741 0.0292944 0.0172925 0.822994
1 0.338197 0.378026 0.0292441 0.0155222 0.817646
5 0.523083 0.490096 0.148017 0.168205 0.803282
2 0.614053 0.745732 0.189645 0.0307927 0.785772
1 0.186916 0.429759 0.0285844 0.0161441 0.785412
2 0.815639 0.744957 0.191467 0.0315707 0.766679
10 0.394378 0.634889 0.0129865 0.0292326 0.753235
1 0.384928 0.605517 0.0302148 0.0152463 0.752735
5 0.129849 0.565239 0.0678932 0.0694385 0.718422
1 0.23272 0.577374 0.0148864 0.0284689 0.713047
2 0.771007 0.260994 0.190662 0.0361625 0.711798
1 0.193356 0.53596 0.0323251 0.0166413 0.704094
1 0.337705 0.399641 0.0272908 0.0143329 0.698471
10 0.338281 0.441143 0.027149 0.0156394 0.690255
10 0.271717 0.536876 0.0281267 0.0160134 0.667212
10 0.187253 0.372232 0.0283401 0.0168238 0.663095
10 0.337801 0.419159 0.027613 0.0153199 0.659438
10 0.216077 0.492936 0.0198928 0.0211115 0.658013
10 0.398617 0.553444 0.031565 0.0182241 0.641728
10 0.186991 0.394952 0.0277129 0.0152088 0.64124
10 0.337524 0.463921 0.0255007 0.0143305 0.634063
10 0.188254 0.35353 0.0279605 0.0170696 0.626749
1 0.376774 0.377185 0.0297962 0.0131525 0.578763
2 0.0472106 0.514315 0.0911894 0.18698 0.53816
1 0.40049 0.57451 0.0315 0.0141416 0.509053
10 0.376063 0.400286 0.0272235 0.0138002 0.491463
1 0.240922 0.3012 0.0269848 0.0137735 0.479875
1 0.188753 0.317059 0.0281239 0.0157263 0.468398
10 0.353742 0.634151 0.0197317 0.0431427 0.453744
5 0.0770745 0.364614 0.145655 0.118414 0.450047
1 0.338238 0.483492 0.0282039 0.0149417 0.435381
10 0.338426 0.483058 0.0275903 0.0141609 0.393747
5 0.147003 0.478424 0.0287009 0.0323617 0.390586
1 0.376424 0.420231 0.0299834 0.0152548 0.38586
2 0.449977 0.258527 0.436927 0.0369055 0.35925
10 0.376992 0.420176 0.0308547 0.0149752 0.341285
10 0.193641 0.536393 0.0328028 0.0172845 0.305434
10 0.376808 0.441637 0.0307059 0.0142317 0.29209
2 0.569869 0.261387 0.193149 0.0377439 0.2919
10 0.187539 0.412641 0.0284 0.0138094 0.284022
10 0.188583 0.318139 0.0288945 0.016727 0.278198
1 0.310868 0.301659 0.0301608 0.0140365 0.251889
