5 0.342693 0.611837 0.0723567 0.0648856 0.943609
4 0.335016 0.811709 0.0830583 0.143388 0.941737
5 0.354519 0.353345 0.0762288 0.10678 0.925804
5 0.377971 0.703655 0.0534089 0.0607777 0.906537
2 0.125889 0.281558 0.209238 0.244893 0.904386
2 0.170026 0.837438 0.178621 0.171754 0.90408
4 0.421755 0.813568 0.0864665 0.139888 0.867123
2 0.902461 0.475919 0.0669403 0.147836 0.857955
2 0.776795 0.0705476 0.259771 0.0860995 0.857132
2 0.562432 0.936107 0.25597 0.0512289 0.825317
2 0.813633 0.938426 0.198135 0.0518014 0.821446
5 0.205728 0.667168 0.10562 0.118524 0.795673
1 0.382448 0.443292 0.0338856 0.0254605 0.748813
2 0.675551 0.686303 0.441252 0.189069 0.747462
1 0.450759 0.173508 0.0331125 0.0208176 0.692495
1 0.42255 0.701058 0.0132015 0.0480073 0.679728
2 0.348775 0.207354 0.0629348 0.0447141 0.656485
1 0.451401 0.214379 0.0434324 0.0290611 0.653037
2 0.483758 0.0573835 0.33221 0.0596566 0.638192
1 0.451376 0.358849 0.0403699 0.0284644 0.605251
10 0.451685 0.545791 0.026338 0.0215404 0.599117
1 0.305429 0.444397 0.031182 0.0249643 0.590761
1 0.336226 0.701047 0.0138003 0.0496069 0.589948
1 0.614498 0.527372 0.0416531 0.0320013 0.581638
1 0.20419 0.161032 0.04341 0.0242867 0.580421
1 0.266223 0.220306 0.0292193 0.0223351 0.548555
1 0.451683 0.437763 0.0337314 0.0205439 0.539413
5 0.452725 0.264158 0.0309237 0.0655563 0.534649
2 0.351284 0.256578 0.0678781 0.0483912 0.533729
1 0.450769 0.315646 0.0380287 0.0257755 0.52669
7 0.823354 0.315428 0.0418362 0.0270349 0.520803
10 0.452098 0.56842 0.025635 0.0189452 0.486461
10 0.267034 0.333104 0.0242201 0.0187919 0.482596
2 0.365183 0.14005 0.0303255 0.0923486 0.48214
10 0.266783 0.318595 0.0261538 0.0336304 0.477755
10 0.820834 0.348165 0.0123657 0.0216189 0.456227
1 0.835322 0.471431 0.0234473 0.0903324 0.432532
1 0.238405 0.126421 0.0215637 0.0292795 0.431243
1 0.237401 0.0460076 0.0249483 0.0231864 0.426642
8 0.835583 0.472382 0.0260494 0.0918322 0.420728
0 0.191568 0.091377 0.07633 0.107893 0.417057
1 0.25849 0.439304 0.031865 0.0241852 0.397014
1 0.242963 0.623297 0.0263221 0.0218954 0.393257
7 0.160311 0.536246 0.0417235 0.0308115 0.392153
2 0.724699 0.604689 0.29501 0.0363255 0.383879
1 0.269803 0.177654 0.0234097 0.017415 0.37746
10 0.267032 0.31085 0.0261508 0.0211922 0.373006
10 0.266015 0.371267 0.0345513 0.0241986 0.372247
1 0.138659 0.0438408 0.0236266 0.0218086 0.363229
10 0.267666 0.288652 0.0273117 0.0189217 0.360572
10 0.452518 0.409249 0.0346212 0.0239436 0.341915
10 0.519003 0.504192 0.0140812 0.0223664 0.330956
1 0.265656 0.370937 0.0364825 0.0257946 0.317269
10 0.450968 0.523021 0.0261054 0.0195104 0.314926
10 0.452375 0.482533 0.0417488 0.0399402 0.302426
1 0.613837 0.567128 0.0333183 0.022097 0.298605
10 0.452056 0.552733 0.0266597 0.0196596 0.295287
7 0.451896 0.482881 0.0418445 0.0408602 0.288109
5 0.21009 0.499617 0.0363258 0.0552343 0.284499
10 0.434198 0.108635 0.0129452 0.0156304 0.279246
10 0.822032 0.35017 0.017881 0.030422 0.273117
2 0.302604 0.140559 0.0315043 0.0907507 0.271509
1 0.451687 0.483908 0.03979 0.0392581 0.268653
5 0.823574 0.382452 0.0237408 0.0334124 0.266895
1 0.137054 0.0851238 0.0208229 0.0225718 0.260966
7 0.160403 0.463342 0.0419419 0.0369511 0.253558
1 0.137863 0.125345 0.0249005 0.0271846 0.250005
