2 0.852809 0.474265 0.168915 0.188307 0.954963
5 0.446054 0.532137 0.125976 0.185018 0.937252
5 0.67107 0.475621 0.0917681 0.133564 0.903451
2 0.50071 0.234331 0.096289 0.161888 0.821744
2 0.237591 0.192365 0.312842 0.0800299 0.801394
1 0.464976 0.408588 0.0415343 0.028645 0.797914
1 0.405659 0.282156 0.0223372 0.063638 0.797398
2 0.188997 0.522354 0.0475623 0.303419 0.786691
10 0.430201 0.715727 0.0135523 0.0425756 0.786399
1 0.465322 0.37263 0.0411724 0.0303331 0.758803
5 0.267829 0.813972 0.0657788 0.14895 0.73324
10 0.44891 0.716196 0.0131885 0.0411967 0.706302
4 0.192291 0.810693 0.0706396 0.131287 0.692282
5 0.384112 0.821678 0.0222573 0.0416035 0.65522
2 0.5762 0.424963 0.0368836 0.237961 0.65391
10 0.3313 0.280532 0.0292407 0.0664518 0.641688
1 0.744995 0.462872 0.0125224 0.0330114 0.622113
5 0.671703 0.189537 0.117335 0.22103 0.603121
2 0.498875 0.0927764 0.0671239 0.131339 0.601004
5 0.267589 0.310001 0.0604653 0.105195 0.596604
5 0.373433 0.287707 0.0322797 0.0531736 0.594081
2 0.592093 0.429776 0.0208403 0.246709 0.583397
2 0.672006 0.193219 0.114922 0.21626 0.527101
5 0.267072 0.299645 0.0573794 0.0534425 0.506175
2 0.584072 0.427731 0.036447 0.24275 0.500973
5 0.79771 0.320542 0.0329956 0.0672197 0.469565
1 0.626929 0.57344 0.0136234 0.0203942 0.465296
1 0.731602 0.408781 0.00790446 0.0233774 0.454275
2 0.484075 0.843934 0.143278 0.172133 0.416947
1 0.619742 0.572338 0.0158537 0.0179802 0.395453
2 0.0954995 0.811639 0.052593 0.104013 0.39283
2 0.617104 0.750124 0.0245026 0.287451 0.387768
1 0.831025 0.593321 0.023448 0.0162624 0.371861
1 0.777846 0.242258 0.0123814 0.0349216 0.36161
2 0.584452 0.241448 0.0253828 0.0475129 0.360493
2 0.622115 0.754208 0.0220276 0.288635 0.355754
1 0.831108 0.585117 0.0224285 0.0175683 0.347254
1 0.146566 0.85549 0.00790796 0.0251682 0.340073
8 0.752062 0.313962 0.0360129 0.0931278 0.310899
2 0.619022 0.752763 0.0365053 0.300439 0.309113
2 0.778257 0.777314 0.209416 0.25711 0.299151
1 0.653929 0.720554 0.0110484 0.0144112 0.256634
6 0.751841 0.315002 0.0361209 0.0938823 0.255636
