2 0.903561 0.47485 0.0651127 0.146699 0.966474
5 0.354278 0.352549 0.072236 0.10593 0.948884
1 0.451494 0.438988 0.0327017 0.0209158 0.945009
4 0.421962 0.818563 0.081486 0.127397 0.906603
2 0.12655 0.289039 0.210244 0.230736 0.870027
5 0.379495 0.703959 0.0504978 0.0556442 0.869535
2 0.170786 0.847308 0.181516 0.184599 0.867646
4 0.334781 0.81745 0.0785207 0.129802 0.866529
1 0.45143 0.409477 0.03262 0.0201956 0.853775
10 0.452304 0.245358 0.024618 0.0144037 0.840006
5 0.342847 0.613035 0.0705361 0.058669 0.805335
1 0.3814 0.444477 0.0327544 0.0227419 0.805126
2 0.480419 0.0602921 0.317531 0.0617735 0.801728
1 0.304952 0.444959 0.0304806 0.0206387 0.788683
1 0.422422 0.701464 0.0134164 0.0498077 0.771991
10 0.451824 0.289093 0.024707 0.0176162 0.767204
1 0.202268 0.162875 0.042272 0.0241493 0.750274
2 0.776728 0.0660847 0.25654 0.0736151 0.748444
10 0.268333 0.290102 0.0304988 0.018433 0.711674
10 0.335246 0.700629 0.0131508 0.0501307 0.702775
1 0.344186 0.443488 0.0218292 0.0184363 0.66346
7 0.822329 0.316571 0.0425622 0.0267755 0.652791
10 0.452187 0.259835 0.0242613 0.0131859 0.631559
10 0.266564 0.335973 0.0290914 0.0168717 0.631187
2 0.303734 0.142824 0.0315478 0.0935021 0.60139
1 0.452327 0.215655 0.0423259 0.026768 0.567041
1 0.333273 0.443773 0.0122457 0.0190208 0.537187
1 0.450647 0.358592 0.041285 0.0284802 0.520915
1 0.451968 0.485327 0.039833 0.0404047 0.519534
2 0.35984 0.141307 0.041524 0.0956273 0.51775
1 0.259178 0.439324 0.0345597 0.0243965 0.515128
2 0.562293 0.938018 0.257202 0.0542959 0.511683
10 0.451896 0.274785 0.0251878 0.0157836 0.503404
1 0.351854 0.44387 0.014337 0.022626 0.502656
1 0.348878 0.44408 0.0210116 0.0208667 0.502136
1 0.822731 0.316213 0.0431811 0.0260819 0.457789
2 0.810606 0.941931 0.198869 0.0572907 0.455508
1 0.334923 0.700546 0.0141335 0.0510126 0.443602
10 0.267046 0.317297 0.0300344 0.0183002 0.431852
2 0.159588 0.49943 0.0449546 0.110171 0.429573
1 0.2643 0.221189 0.0289827 0.0208935 0.403365
1 0.451251 0.175145 0.0344102 0.0195516 0.396285
10 0.433576 0.108809 0.0140293 0.012528 0.387901
10 0.266578 0.321346 0.0307208 0.0173222 0.368385
10 0.452778 0.570407 0.0244532 0.0158279 0.366739
1 0.45133 0.317361 0.0393652 0.0280059 0.365779
10 0.452213 0.54041 0.0260812 0.0132854 0.351906
5 0.204887 0.668812 0.104709 0.118505 0.350397
1 0.242996 0.664622 0.0277544 0.0234351 0.347461
10 0.264955 0.371037 0.0388339 0.0233255 0.339343
10 0.265419 0.268366 0.0389786 0.024698 0.333422
10 0.822867 0.349258 0.023793 0.0205198 0.332049
7 0.451419 0.317224 0.0393543 0.027824 0.321751
10 0.451252 0.317642 0.0405127 0.0281348 0.315239
12 0.212339 0.500068 0.0302265 0.0543432 0.306037
2 0.351214 0.141614 0.0602334 0.0956535 0.298475
1 0.242446 0.706685 0.0302968 0.0220591 0.28106
2 0.349647 0.234218 0.0658154 0.0934648 0.27528
7 0.264594 0.22099 0.0292164 0.0197034 0.273738
10 0.267734 0.295724 0.0313243 0.0259691 0.268499
10 0.659531 0.825883 0.0108959 0.0194833 0.256198
10 0.45142 0.525257 0.0262608 0.0164312 0.253602
