5 0.255256 0.422914 0.0929758 0.0824128 0.941311
5 0.0819111 0.364492 0.157291 0.120615 0.93312
5 0.52475 0.491431 0.150021 0.165699 0.932162
2 0.661732 0.491978 0.0468912 0.0792715 0.924298
5 0.202018 0.579396 0.0297596 0.0351857 0.908604
5 0.287373 0.582319 0.0642823 0.0541919 0.900765
10 0.188415 0.335408 0.0303161 0.0154476 0.89223
1 0.232786 0.578238 0.0148155 0.0338374 0.845291
1 0.31228 0.537823 0.0302293 0.0158947 0.839935
1 0.375894 0.378193 0.03021 0.0163049 0.827547
1 0.192423 0.537191 0.0306413 0.0159559 0.826904
2 0.408189 0.742208 0.187196 0.0292321 0.826163
2 0.101646 0.653135 0.150965 0.0973508 0.809846
10 0.228763 0.537404 0.0244152 0.0141635 0.80706
10 0.188752 0.394761 0.0277835 0.014483 0.766864
10 0.189191 0.353556 0.0241861 0.0124959 0.761439
5 0.130271 0.565615 0.0677467 0.0668575 0.75857
10 0.337748 0.41973 0.0229773 0.0137856 0.754228
1 0.337967 0.503989 0.0294258 0.0148678 0.754047
5 0.146291 0.480029 0.0323651 0.0329324 0.735519
2 0.250202 0.493745 0.0921628 0.027918 0.72999
10 0.394077 0.635443 0.0126206 0.0317277 0.723009
4 0.282201 0.675866 0.0612944 0.0739944 0.711175
0 0.74961 0.508078 0.0560958 0.0763293 0.707005
1 0.188299 0.429642 0.0291964 0.0163385 0.687431
10 0.336425 0.442023 0.0214981 0.0137502 0.680656
1 0.24118 0.302156 0.0297298 0.0152924 0.648952
10 0.187726 0.37319 0.0271577 0.0137379 0.645582
1 0.10629 0.482339 0.0150386 0.0341816 0.637065
10 0.271472 0.537204 0.0275369 0.0160113 0.635326
10 0.376625 0.400662 0.0277258 0.0145626 0.631283
2 0.749496 0.508217 0.0566781 0.0764055 0.583537
10 0.398641 0.553518 0.0295698 0.0152221 0.576984
1 0.337923 0.400035 0.0285348 0.0151735 0.553849
10 0.18804 0.413374 0.0274538 0.0127076 0.542307
2 0.93025 0.482409 0.0493522 0.464512 0.523953
10 0.311326 0.30126 0.0302405 0.0154195 0.510343
10 0.188515 0.317028 0.0304959 0.0165457 0.497626
10 0.336639 0.484581 0.0260098 0.0127509 0.467777
10 0.275584 0.300939 0.0264112 0.0140099 0.45434
1 0.31097 0.301638 0.0312229 0.014958 0.427304
10 0.35519 0.553356 0.0291392 0.0151719 0.410412
1 0.188546 0.316895 0.0307381 0.0161918 0.402583
3 0.353169 0.636978 0.0165292 0.0437888 0.397399
2 0.353509 0.25661 0.235057 0.0325891 0.386547
2 0.613713 0.745871 0.191992 0.0272553 0.381294
4 0.218198 0.673825 0.0667453 0.0765585 0.344089
1 0.338937 0.378532 0.0280672 0.0151295 0.334907
2 0.815186 0.745362 0.18884 0.0316257 0.334021
2 0.661127 0.500958 0.0441506 0.0583618 0.319908
8 0.355304 0.55359 0.0291653 0.0155388 0.312279
10 0.10653 0.482399 0.0153667 0.0359859 0.29038
3 0.271985 0.742551 0.0631046 0.0285477 0.287849
10 0.377298 0.636213 0.0126406 0.031372 0.269871
10 0.336482 0.464098 0.0255076 0.013322 0.252624
