2 0.0977172 0.811868 0.0608483 0.109727 0.9339
2 0.852012 0.4707 0.167524 0.185703 0.932257
5 0.670417 0.477222 0.0919226 0.138782 0.928109
5 0.267955 0.814043 0.0652865 0.152069 0.921448
2 0.593845 0.429022 0.0227883 0.255145 0.916429
5 0.446031 0.530254 0.123364 0.187156 0.905359
2 0.498954 0.234021 0.100909 0.163457 0.889613
1 0.465458 0.408861 0.0430221 0.0320484 0.887156
4 0.192956 0.812741 0.0748198 0.127515 0.880537
1 0.465577 0.372499 0.0429161 0.0332816 0.865192
2 0.190565 0.522243 0.0397852 0.305201 0.857714
5 0.485616 0.847212 0.144745 0.168855 0.841215
2 0.671551 0.182139 0.118777 0.213883 0.800498
2 0.6143 0.760042 0.0471728 0.304672 0.800449
10 0.416788 0.70933 0.00859715 0.0251235 0.737048
10 0.430317 0.715864 0.0112508 0.0409907 0.736826
5 0.373252 0.289168 0.030558 0.047277 0.736023
2 0.588265 0.426145 0.0363724 0.251897 0.706502
1 0.405296 0.28166 0.0193843 0.0585049 0.694062
5 0.267571 0.320306 0.0608475 0.0854664 0.683568
10 0.462298 0.722772 0.00820172 0.0243085 0.665921
3 0.332147 0.282461 0.0318586 0.0697558 0.643785
5 0.487676 0.732158 0.02317 0.0199058 0.613381
5 0.384105 0.818754 0.0222619 0.0496327 0.595365
2 0.108494 0.19136 0.0479229 0.0732703 0.591469
10 0.448799 0.717215 0.0119605 0.040031 0.589397
1 0.744109 0.463341 0.0131039 0.0362864 0.584513
2 0.573179 0.281933 0.0234451 0.0307676 0.576191
1 0.730199 0.407164 0.00871634 0.024024 0.559505
10 0.619945 0.572416 0.0280094 0.0171632 0.546587
1 0.744173 0.415333 0.0122399 0.0379218 0.53655
10 0.523982 0.560978 0.0145502 0.0114304 0.520235
10 0.524901 0.482268 0.0177443 0.0132325 0.48173
2 0.273612 0.194602 0.235984 0.0784004 0.4809
10 0.82339 0.241526 0.0108511 0.0285705 0.477317
10 0.707244 0.573134 0.0244552 0.0166487 0.477314
10 0.524939 0.53434 0.0143711 0.0114877 0.457411
10 0.523865 0.549234 0.0146393 0.0124916 0.453196
1 0.146432 0.853042 0.00780487 0.0238278 0.44742
1 0.527786 0.464607 0.0240582 0.0161917 0.443885
3 0.795888 0.319918 0.0303465 0.0695469 0.427163
5 0.514933 0.731126 0.0242308 0.0170837 0.405647
1 0.212603 0.254033 0.00867207 0.0222954 0.392516
2 0.584072 0.240803 0.028008 0.0489584 0.388494
10 0.707501 0.333579 0.00929552 0.0194533 0.379838
1 0.654217 0.721711 0.0127487 0.0116117 0.375456
2 0.163683 0.192041 0.017867 0.0706587 0.370464
8 0.752687 0.318136 0.0335872 0.0961808 0.361348
10 0.804967 0.242979 0.0102427 0.033212 0.361049
1 0.639646 0.333365 0.00976489 0.0181551 0.350315
1 0.749894 0.608899 0.0186501 0.0124357 0.339094
10 0.841034 0.242011 0.00909805 0.0290584 0.337527
10 0.587501 0.567467 0.00788664 0.0203085 0.329936
7 0.777467 0.243845 0.0103327 0.0347566 0.316894
8 0.832297 0.317252 0.033613 0.0807407 0.31442
1 0.525845 0.519561 0.0146759 0.011095 0.311396
10 0.652015 0.332458 0.0083134 0.0172179 0.291716
10 0.652359 0.335736 0.0070164 0.0181525 0.291231
10 0.378013 0.875987 0.00802937 0.0204431 0.284748
10 0.758499 0.243276 0.0107985 0.0355117 0.265501
12 0.384482 0.760024 0.0300633 0.0380251 0.262698
