5 0.255448 0.419903 0.0907225 0.0739817 0.915081
5 0.523043 0.489637 0.1503 0.169661 0.898332
2 0.409127 0.740759 0.185268 0.0274571 0.8906
5 0.129166 0.565435 0.070439 0.069394 0.884169
2 0.813323 0.74261 0.182567 0.0292236 0.883894
5 0.0774883 0.363477 0.148752 0.119311 0.879199
2 0.929038 0.476379 0.0496494 0.466711 0.860837
4 0.281124 0.675292 0.0631436 0.0768927 0.838265
2 0.770446 0.261155 0.185325 0.0341164 0.834577
5 0.287697 0.582106 0.0704133 0.0546719 0.828508
5 0.202254 0.57864 0.0304141 0.0347067 0.805425
10 0.338062 0.483822 0.0296837 0.0155303 0.799204
0 0.749383 0.505181 0.0629144 0.0831359 0.791336
1 0.187875 0.428998 0.0300454 0.0159861 0.760575
10 0.187743 0.394386 0.022516 0.0139185 0.75915
1 0.232435 0.576851 0.0144268 0.0318331 0.737961
2 0.0966546 0.661683 0.165423 0.114737 0.727157
4 0.218908 0.674024 0.0679038 0.0764968 0.690985
1 0.338238 0.503151 0.030946 0.016069 0.682153
2 0.66149 0.491107 0.0514042 0.0828373 0.671525
5 0.145713 0.479548 0.0290526 0.0335555 0.658364
2 0.612721 0.746072 0.189333 0.0292509 0.651907
1 0.338085 0.399791 0.0296266 0.0159992 0.639607
1 0.24122 0.30147 0.0302279 0.0165833 0.63144
1 0.37574 0.377545 0.0313746 0.0161727 0.631171
10 0.189172 0.353457 0.024978 0.013351 0.629628
10 0.189648 0.372033 0.0269089 0.0151432 0.613987
10 0.188224 0.413051 0.0262539 0.0147853 0.580847
1 0.312737 0.538087 0.0294454 0.0157083 0.57001
1 0.106563 0.481737 0.015313 0.0366296 0.543257
1 0.192373 0.536534 0.0264234 0.0163774 0.522734
2 0.5 0.13116 1 0.262319 0.510907
1 0.355656 0.552731 0.0296841 0.0156997 0.500595
10 0.230684 0.537367 0.0267319 0.0147547 0.496258
10 0.377831 0.63479 0.0142123 0.0320344 0.488662
1 0.338452 0.378303 0.0298819 0.0152965 0.486007
1 0.189117 0.316961 0.0287903 0.0148337 0.483906
10 0.33836 0.419591 0.0267889 0.0159049 0.47308
10 0.189611 0.335156 0.0293503 0.0152385 0.438417
1 0.397854 0.55299 0.0280751 0.0150698 0.431688
2 0.350815 0.259345 0.240553 0.0352915 0.422567
10 0.337245 0.441627 0.0261986 0.0149515 0.422392
10 0.393667 0.6338 0.0128301 0.028375 0.415968
2 0.572346 0.262063 0.189515 0.0351426 0.412513
1 0.310128 0.301975 0.031549 0.0164006 0.402795
3 0.353381 0.637351 0.0194998 0.045127 0.401615
10 0.216101 0.492708 0.0215567 0.0266723 0.376568
2 0.662894 0.466649 0.0466085 0.0268546 0.309773
10 0.337691 0.464662 0.0282635 0.0157551 0.308185
