4 0.192141 0.811821 0.0718944 0.120818 0.942461
5 0.670873 0.475206 0.0931678 0.135688 0.939865
2 0.672492 0.212843 0.117323 0.173469 0.921987
5 0.446132 0.527704 0.124482 0.184808 0.921808
5 0.383953 0.819164 0.02136 0.0499589 0.914891
5 0.267561 0.812446 0.0659697 0.153246 0.914828
2 0.581947 0.241139 0.0338462 0.0488055 0.866165
5 0.37323 0.287514 0.0312111 0.046847 0.86345
7 0.777177 0.242318 0.0100934 0.0349908 0.855874
1 0.465486 0.407994 0.0431087 0.0330462 0.843891
2 0.586028 0.42125 0.0402321 0.256153 0.841995
2 0.850949 0.474412 0.169581 0.19095 0.84018
2 0.193414 0.522831 0.0423975 0.312146 0.833485
10 0.524581 0.482285 0.0194763 0.0122546 0.807549
2 0.0965304 0.808716 0.0619851 0.109918 0.803193
2 0.593767 0.423199 0.0234693 0.252701 0.793557
2 0.618418 0.757909 0.0358028 0.303669 0.792297
10 0.52287 0.547434 0.0141898 0.0104158 0.78742
1 0.46448 0.372225 0.0423785 0.0292119 0.770046
1 0.744092 0.462383 0.0111154 0.0331028 0.760407
5 0.486171 0.842806 0.14485 0.170121 0.740461
1 0.1458 0.546486 0.00679149 0.0185685 0.737846
1 0.40513 0.280597 0.0183365 0.059669 0.733375
5 0.268079 0.3035 0.0620311 0.115937 0.723747
2 0.498567 0.233867 0.102136 0.162147 0.701458
5 0.486968 0.729324 0.0251737 0.0255943 0.701295
5 0.515198 0.72953 0.0234324 0.0248331 0.685297
10 0.522807 0.533286 0.0165108 0.0100791 0.578077
5 0.328624 0.775755 0.030228 0.0700126 0.578072
10 0.695243 0.331532 0.00759928 0.0177539 0.565391
10 0.52666 0.46324 0.026927 0.0163243 0.559087
10 0.652339 0.33082 0.00776737 0.0179327 0.550617
10 0.652705 0.361862 0.00765395 0.0202868 0.54886
1 0.620024 0.571224 0.0275206 0.0180897 0.534845
1 0.146479 0.854306 0.00804866 0.0242491 0.534207
1 0.319758 0.640331 0.0074961 0.019373 0.531135
10 0.522258 0.519509 0.0194615 0.0119067 0.519537
1 0.748433 0.559004 0.0127134 0.00954749 0.495864
1 0.730665 0.406681 0.00770853 0.0236051 0.495259
2 0.238633 0.190805 0.311288 0.0722106 0.483973
1 0.216154 0.374185 0.0078446 0.0188661 0.468085
10 0.695054 0.362622 0.00693731 0.020258 0.463829
2 0.354546 0.194201 0.0733115 0.0717836 0.45974
1 0.708275 0.571661 0.026154 0.0151581 0.409517
2 0.136471 0.190111 0.105802 0.0760897 0.396229
8 0.753356 0.314599 0.0347815 0.0923888 0.384018
10 0.522444 0.560785 0.013569 0.0101968 0.360804
1 0.744333 0.414167 0.0117718 0.0390068 0.359759
10 0.143542 0.250762 0.00735714 0.019465 0.346574
10 0.707887 0.331282 0.0068292 0.0174477 0.346158
10 0.744341 0.413976 0.0115534 0.0389999 0.337522
10 0.416431 0.708444 0.00815635 0.0230391 0.318012
1 0.212743 0.25194 0.00847386 0.019048 0.314119
1 0.306409 0.64184 0.00795299 0.0190452 0.304137
7 0.758215 0.24188 0.0114853 0.0333899 0.303129
8 0.331981 0.280748 0.0304583 0.0653859 0.271826
5 0.796063 0.317769 0.0307423 0.0710213 0.26978
5 0.276319 0.0748855 0.551176 0.149771 0.269425
1 0.749323 0.607585 0.017069 0.0111505 0.256022
