1 0.188779 0.429136 0.0280388 0.0154801 0.950143
2 0.661165 0.490729 0.046698 0.0781333 0.941825
5 0.254949 0.422067 0.0903485 0.0783243 0.93977
2 0.0989594 0.663944 0.155676 0.117514 0.914965
5 0.526801 0.488731 0.149351 0.170473 0.908055
5 0.202283 0.578065 0.0299137 0.0361179 0.894534
10 0.228192 0.537031 0.0209484 0.013986 0.890505
10 0.377612 0.634687 0.0135261 0.0338235 0.889308
10 0.376902 0.400149 0.0252687 0.0130351 0.88312
10 0.394401 0.634482 0.0109646 0.0309865 0.869444
1 0.337675 0.503133 0.030523 0.0159486 0.84682
2 0.816778 0.743857 0.19182 0.0356632 0.844487
5 0.130418 0.564879 0.0676986 0.0667226 0.843466
10 0.338879 0.41924 0.0263502 0.0136689 0.841676
1 0.189106 0.317056 0.0311412 0.0157482 0.832929
10 0.188486 0.37217 0.0250062 0.012568 0.831004
1 0.311269 0.301711 0.0304573 0.0147506 0.83015
0 0.750134 0.502317 0.0591372 0.0901146 0.820186
10 0.398166 0.553356 0.0318612 0.0167446 0.817516
1 0.338274 0.378138 0.0297475 0.0148219 0.812441
5 0.286986 0.583301 0.0663633 0.0541456 0.802591
2 0.933455 0.474981 0.0527868 0.46045 0.789108
1 0.241263 0.302021 0.0287675 0.015889 0.78493
2 0.614812 0.743862 0.189638 0.028206 0.777622
2 0.772372 0.261136 0.1888 0.0331323 0.777162
10 0.188856 0.353558 0.0251085 0.0131999 0.776903
1 0.232764 0.57851 0.0151814 0.0336967 0.761489
5 0.0807933 0.363804 0.156797 0.121143 0.759882
1 0.337945 0.399398 0.029561 0.0176125 0.716604
10 0.270834 0.536793 0.0264523 0.0147201 0.703627
2 0.411667 0.74013 0.18695 0.0301404 0.655417
10 0.355744 0.552661 0.0310648 0.0150515 0.63974
1 0.192443 0.536632 0.0302162 0.0148958 0.639726
7 0.376808 0.377233 0.0317116 0.0148208 0.638006
10 0.188793 0.412896 0.0251649 0.0128917 0.632714
1 0.31243 0.537067 0.0317905 0.0174308 0.586449
10 0.192417 0.536871 0.0303613 0.0151536 0.575786
5 0.147216 0.479005 0.0275065 0.0322573 0.575051
2 0.355877 0.256729 0.235343 0.0319688 0.54588
6 0.280153 0.338224 0.107694 0.0499219 0.541628
10 0.35355 0.636293 0.0177439 0.0465654 0.517265
10 0.187636 0.39417 0.027371 0.0127367 0.500178
10 0.10632 0.481543 0.0152099 0.0346417 0.473269
8 0.37686 0.441489 0.0298835 0.0145636 0.460352
10 0.188063 0.335126 0.0298961 0.0132172 0.454021
10 0.377078 0.41984 0.0282611 0.0129961 0.442793
1 0.338344 0.483592 0.0291079 0.0144008 0.432612
10 0.398727 0.574129 0.0321138 0.0165505 0.420701
10 0.37829 0.377245 0.0359547 0.0147933 0.404817
1 0.338803 0.463819 0.0269696 0.0135059 0.373959
1 0.188423 0.335215 0.0314762 0.0142538 0.368354
8 0.376659 0.419792 0.0287674 0.0132703 0.349857
10 0.277057 0.30172 0.0262955 0.0132987 0.321326
10 0.33691 0.440698 0.0257937 0.014869 0.315904
2 0.569456 0.260578 0.191213 0.0349263 0.315123
8 0.33976 0.463858 0.0277162 0.0149656 0.300842
