5 0.445745 0.532955 0.123446 0.18579 0.955177
1 0.465217 0.408719 0.0434645 0.0313336 0.93784
2 0.501221 0.234446 0.101213 0.167431 0.935003
2 0.852157 0.471419 0.164142 0.191701 0.933713
5 0.670089 0.476616 0.0929141 0.137305 0.933533
4 0.192739 0.812897 0.0711334 0.134141 0.913247
1 0.46535 0.372981 0.0422567 0.0311224 0.889553
2 0.593251 0.427227 0.0247921 0.251086 0.889148
1 0.40538 0.283043 0.0214495 0.0625306 0.882841
5 0.37302 0.289228 0.0318347 0.0494175 0.783306
2 0.191281 0.523665 0.048801 0.311957 0.777453
1 0.744765 0.463675 0.0114986 0.0286761 0.76313
5 0.383455 0.819465 0.0226014 0.0498544 0.737467
1 0.744336 0.414436 0.011306 0.0392026 0.705563
10 0.523694 0.534066 0.0139848 0.0105361 0.676088
5 0.26788 0.312386 0.059855 0.0966964 0.657807
10 0.523188 0.520771 0.0161177 0.0117006 0.619107
5 0.267119 0.812777 0.0614935 0.149433 0.615738
10 0.652462 0.331843 0.00736788 0.0206049 0.613417
1 0.730825 0.40696 0.00737787 0.0227292 0.6123
2 0.35408 0.195525 0.075533 0.0679553 0.58969
1 0.146217 0.853213 0.00697655 0.018668 0.558608
10 0.522906 0.548714 0.0134734 0.0114439 0.540964
10 0.524517 0.482529 0.0167598 0.0126809 0.531241
1 0.12095 0.854708 0.011566 0.0171348 0.510563
5 0.672495 0.21549 0.116374 0.17417 0.500383
11 0.796677 0.318944 0.0313644 0.0717081 0.497241
2 0.571765 0.422531 0.0269876 0.254751 0.489242
1 0.777586 0.242989 0.0120615 0.0358869 0.480511
10 0.695288 0.33222 0.00825712 0.0196928 0.47183
10 0.143731 0.252418 0.00728265 0.0207303 0.463675
1 0.145367 0.546918 0.00760885 0.019745 0.446136
5 0.384556 0.757101 0.0316617 0.0368088 0.439616
1 0.644376 0.613361 0.0137763 0.0131744 0.437803
5 0.583276 0.24138 0.0273622 0.0462746 0.431197
1 0.620748 0.572949 0.0241964 0.0142382 0.428065
5 0.487527 0.727888 0.0245627 0.0274531 0.412108
2 0.778955 0.777194 0.21162 0.259189 0.389862
12 0.583655 0.241721 0.0280743 0.047537 0.383225
1 0.121196 0.847757 0.0115555 0.0215608 0.373731
1 0.640998 0.331574 0.00871963 0.0194433 0.352995
2 0.238945 0.193192 0.307316 0.0667071 0.345632
1 0.430051 0.716693 0.0117794 0.0395237 0.333624
1 0.651005 0.722607 0.0071974 0.0131888 0.317585
7 0.777703 0.243142 0.0119885 0.0354386 0.311285
10 0.527573 0.463895 0.0247831 0.0161948 0.296739
5 0.484586 0.844344 0.143275 0.177037 0.295297
10 0.365154 0.876252 0.00835431 0.0231848 0.280629
11 0.328683 0.77609 0.0296837 0.0679534 0.272537
5 0.237216 0.187195 0.0215427 0.0544261 0.271347
10 0.841217 0.242325 0.00941175 0.0300235 0.269501
8 0.662513 0.614559 0.0159423 0.0125679 0.265189
0 0.0974402 0.811342 0.0612674 0.106998 0.265088
1 0.308309 0.641009 0.0122857 0.0274728 0.262402
10 0.805114 0.243243 0.0102719 0.0296501 0.257291
2 0.384113 0.757672 0.0320608 0.0431444 0.25436
