5 0.287179 0.582526 0.0563535 0.0523392 0.933396
5 0.25571 0.422733 0.0916507 0.0813935 0.919761
5 0.202401 0.578673 0.0290673 0.0347317 0.891981
5 0.524363 0.487813 0.150511 0.162404 0.854273
10 0.336997 0.441959 0.029851 0.0164541 0.819985
1 0.233008 0.577455 0.0143136 0.0337193 0.81495
2 0.249522 0.49378 0.0918693 0.0293815 0.811453
1 0.337289 0.399576 0.0295828 0.0149759 0.808391
10 0.337892 0.484338 0.0288475 0.0153786 0.79906
1 0.337883 0.50396 0.029824 0.0159895 0.791723
2 0.662355 0.494204 0.0473127 0.0853382 0.791632
10 0.337364 0.419876 0.0308002 0.0161651 0.788258
10 0.18818 0.353566 0.0249623 0.0133277 0.782108
10 0.39393 0.634975 0.0135733 0.0335768 0.776903
1 0.188301 0.316814 0.0297108 0.0160257 0.741052
2 0.409431 0.741939 0.188344 0.0280296 0.724909
10 0.336836 0.464229 0.0297835 0.0157214 0.710846
1 0.188479 0.429792 0.02979 0.0160084 0.709921
5 0.14578 0.480062 0.0314679 0.0346964 0.679406
10 0.188356 0.335501 0.0296268 0.0154638 0.666396
0 0.750289 0.503349 0.0560409 0.0662279 0.655035
2 0.93267 0.461062 0.0499398 0.434441 0.636278
1 0.1922 0.537043 0.029814 0.0157052 0.624798
1 0.311772 0.537625 0.0301095 0.0161234 0.623356
10 0.106049 0.482165 0.0159092 0.0362438 0.610673
1 0.375449 0.377736 0.0286095 0.015889 0.607215
10 0.271653 0.742427 0.0619408 0.0284426 0.592092
2 0.770458 0.260442 0.188341 0.0353933 0.587555
2 0.56973 0.261919 0.190006 0.0284634 0.582757
10 0.276955 0.301944 0.0339489 0.0164561 0.582212
10 0.231316 0.53733 0.03039 0.0170535 0.558934
10 0.188729 0.372956 0.0290278 0.0155514 0.506915
2 0.815358 0.745415 0.188857 0.0291259 0.4935
2 0.610359 0.745536 0.18359 0.0266925 0.493363
2 0.353167 0.258663 0.234334 0.0340032 0.467374
1 0.242209 0.30127 0.0299162 0.0172723 0.455252
8 0.106039 0.482387 0.0167227 0.0364276 0.450385
5 0.132575 0.565884 0.063292 0.0708767 0.434044
4 0.283405 0.672381 0.0665609 0.0749362 0.415052
10 0.188976 0.412593 0.0260648 0.01323 0.408042
7 0.337401 0.378256 0.0308475 0.0154246 0.407484
10 0.27217 0.537606 0.032052 0.0176718 0.392171
1 0.337241 0.378373 0.0309751 0.0156915 0.386905
1 0.385569 0.664517 0.0303915 0.0141678 0.349745
2 0.0995275 0.652206 0.155652 0.0935236 0.300174
10 0.377201 0.400135 0.0249607 0.014712 0.291896
10 0.355807 0.553354 0.0317439 0.0163845 0.29136
10 0.188564 0.394309 0.0299562 0.0158863 0.266043
8 0.18881 0.413046 0.0245243 0.013281 0.254883
