4 0.334935 0.812042 0.0837971 0.140872 0.94916
4 0.421723 0.811283 0.0811721 0.135162 0.941548
7 0.450808 0.36002 0.0419638 0.0307151 0.938531
5 0.37879 0.705137 0.050168 0.0548831 0.905998
7 0.451361 0.217624 0.0437013 0.0317588 0.886918
5 0.342786 0.614083 0.0692868 0.0604607 0.870595
5 0.354695 0.35449 0.0712606 0.107498 0.860373
7 0.450711 0.31915 0.0418836 0.0304346 0.833691
10 0.451162 0.526242 0.0263585 0.0166652 0.812185
1 0.335288 0.701574 0.0133543 0.0507453 0.791675
1 0.422043 0.702042 0.0148158 0.0515767 0.788137
5 0.210484 0.501845 0.0385476 0.0575239 0.778413
2 0.185233 0.0880381 0.126973 0.116745 0.765101
10 0.343339 0.444713 0.0319326 0.0224946 0.765071
1 0.381791 0.445353 0.0327314 0.0257556 0.737932
2 0.811833 0.940187 0.201098 0.0527581 0.72346
2 0.563314 0.937376 0.262654 0.0517565 0.676439
10 0.451305 0.556585 0.0262086 0.0440597 0.676324
1 0.305385 0.446055 0.0337663 0.0257494 0.654203
1 0.257909 0.441401 0.0346502 0.0263959 0.647533
1 0.451371 0.176671 0.0325845 0.0223737 0.632416
1 0.639584 0.79318 0.0308125 0.01871 0.63063
10 0.267047 0.291069 0.028222 0.0174416 0.629938
8 0.823051 0.370198 0.0292338 0.0618063 0.597239
10 0.267699 0.336785 0.0269274 0.0164345 0.594643
10 0.45157 0.26954 0.0278346 0.062097 0.567185
1 0.450702 0.440779 0.033215 0.0233357 0.552356
5 0.20231 0.670958 0.103868 0.118854 0.549605
2 0.775816 0.0702043 0.25664 0.072344 0.536207
10 0.267013 0.322002 0.0276818 0.0157461 0.533335
10 0.613638 0.569221 0.0312508 0.0209022 0.528329
2 0.167218 0.838315 0.18222 0.166933 0.504123
5 0.270612 0.139082 0.0224956 0.078749 0.486287
10 0.264666 0.372356 0.0384176 0.0245336 0.485357
10 0.267165 0.306754 0.0275985 0.0165115 0.448065
2 0.160566 0.500929 0.0470592 0.112245 0.440047
10 0.451863 0.542338 0.0269592 0.0141759 0.415065
2 0.374671 0.931832 0.0839775 0.0520905 0.367829
10 0.451354 0.549535 0.0264163 0.0304864 0.350847
2 0.126965 0.291372 0.213516 0.255857 0.331603
10 0.267273 0.312211 0.028282 0.027847 0.310787
10 0.265695 0.268861 0.0365703 0.0228155 0.298532
