5 0.444627 0.529455 0.12339 0.182992 0.966242
2 0.850495 0.472637 0.168538 0.186103 0.925624
4 0.192473 0.816027 0.0735827 0.123826 0.915261
2 0.500275 0.225697 0.0979053 0.148923 0.912137
2 0.0982993 0.810826 0.058251 0.109727 0.90564
2 0.672005 0.212019 0.118571 0.185635 0.902988
5 0.670587 0.478174 0.0927855 0.13783 0.881071
5 0.372577 0.289567 0.0296461 0.0484775 0.872949
1 0.405532 0.282421 0.0197307 0.0614854 0.865767
1 0.465122 0.372855 0.042256 0.0311498 0.860267
1 0.464824 0.408277 0.0431291 0.0317751 0.857636
3 0.331711 0.280281 0.0295542 0.0620494 0.852075
2 0.193206 0.522785 0.0415663 0.311079 0.829742
10 0.328164 0.777141 0.027361 0.0709395 0.82682
5 0.487116 0.729294 0.0239287 0.0231414 0.81253
1 0.744184 0.463622 0.0122619 0.0366616 0.766776
5 0.515141 0.729667 0.0234359 0.0231228 0.765415
2 0.236432 0.194537 0.311211 0.0806578 0.724643
2 0.566935 0.426684 0.0256275 0.251073 0.71936
3 0.384563 0.761091 0.0312724 0.0408008 0.715287
10 0.652715 0.362608 0.0074669 0.0192767 0.682734
2 0.618418 0.744043 0.0451827 0.277206 0.678977
10 0.462091 0.723498 0.00830638 0.0236469 0.676955
7 0.777068 0.244152 0.0104873 0.0352819 0.658411
5 0.383792 0.818895 0.0214308 0.0486283 0.656468
10 0.663589 0.615056 0.0173376 0.0127747 0.646797
2 0.591964 0.42627 0.0221414 0.251254 0.640589
10 0.694944 0.362493 0.00754336 0.0210295 0.638455
1 0.73048 0.407695 0.0081693 0.0237371 0.618768
10 0.523904 0.548644 0.0140562 0.0111146 0.618104
10 0.448502 0.716893 0.0106277 0.0378096 0.606075
10 0.678613 0.629074 0.015887 0.0122489 0.587436
10 0.748728 0.608484 0.0181213 0.0122266 0.573797
10 0.804877 0.242741 0.00983802 0.030477 0.569093
2 0.484189 0.846333 0.147355 0.169638 0.556562
10 0.13475 0.253385 0.00817895 0.0217648 0.548885
10 0.641801 0.331065 0.0137294 0.0169064 0.535426
10 0.416537 0.709525 0.00751025 0.0221019 0.534759
10 0.695187 0.331794 0.00797678 0.0183534 0.525257
1 0.526832 0.464575 0.0246901 0.0178982 0.518411
3 0.795999 0.319655 0.0291177 0.0704182 0.51838
10 0.157259 0.252885 0.00667361 0.019012 0.503503
10 0.185088 0.287259 0.00800908 0.0217931 0.502978
10 0.171517 0.287078 0.00765156 0.0196099 0.498848
10 0.523288 0.520746 0.0146892 0.0114075 0.492704
2 0.584255 0.229272 0.0264591 0.0253653 0.49194
10 0.658055 0.629168 0.0158763 0.0132385 0.489641
10 0.523255 0.535183 0.0152861 0.0120962 0.478962
10 0.643812 0.614581 0.0142501 0.0128582 0.473666
10 0.143938 0.253004 0.00809686 0.0209211 0.463927
8 0.644377 0.33164 0.0195342 0.0166927 0.442132
2 0.752929 0.316639 0.035096 0.093772 0.43065
10 0.646728 0.331328 0.0179223 0.0175624 0.428016
10 0.620128 0.572773 0.0262912 0.0162341 0.426276
11 0.267968 0.809587 0.0690267 0.162594 0.41181
2 0.832996 0.318383 0.0332361 0.0953002 0.390442
10 0.655026 0.722984 0.0148192 0.0119841 0.38445
10 0.523494 0.482783 0.0162792 0.0113203 0.382274
2 0.583096 0.245447 0.0289873 0.0374158 0.371169
10 0.522874 0.561138 0.0133691 0.0103539 0.359848
1 0.70715 0.572957 0.0256822 0.0165061 0.346735
5 0.26814 0.311346 0.0602863 0.101057 0.342543
10 0.199333 0.25328 0.00818691 0.024324 0.332083
7 0.655055 0.708569 0.0151221 0.011545 0.320656
10 0.84135 0.242272 0.00978997 0.0286713 0.293899
1 0.146607 0.853163 0.00595271 0.0173324 0.291541
1 0.523683 0.520981 0.0154674 0.0114214 0.287045
10 0.758787 0.24269 0.0109565 0.0331586 0.279499
1 0.21258 0.253414 0.00865246 0.0232067 0.277838
10 0.823344 0.242793 0.0100679 0.0286149 0.274798
10 0.30363 0.268335 0.00718206 0.0195845 0.274248
1 0.708018 0.333025 0.00865563 0.0195415 0.263372
10 0.198331 0.285382 0.0087471 0.0173496 0.255455
5 0.483917 0.843364 0.148158 0.171438 0.254572
8 0.654581 0.84452 0.014583 0.0126355 0.253557
1 0.744222 0.415516 0.0113066 0.036964 0.252963
