5 0.523932 0.491722 0.15156 0.171305 0.932098
2 0.098521 0.657915 0.154239 0.101727 0.927868
5 0.256419 0.422223 0.0898888 0.076817 0.906835
2 0.815285 0.746246 0.191256 0.0306069 0.87106
5 0.287041 0.583388 0.0689763 0.0548497 0.861791
1 0.232786 0.57843 0.0147326 0.0335235 0.854179
4 0.282446 0.673895 0.0615147 0.076052 0.853515
2 0.767972 0.261667 0.185174 0.0363332 0.834628
5 0.202194 0.579506 0.0300423 0.0354098 0.823447
2 0.409407 0.742008 0.190582 0.0291193 0.810121
0 0.749765 0.503767 0.0575185 0.0863303 0.804388
2 0.93221 0.477654 0.048457 0.4676 0.783133
10 0.187306 0.394635 0.0234003 0.0131715 0.781383
1 0.33853 0.503944 0.0290746 0.0156505 0.779541
1 0.312292 0.53789 0.0276878 0.0145199 0.762689
10 0.188618 0.335429 0.0299599 0.0148155 0.75732
1 0.241261 0.302205 0.0282741 0.0144402 0.746468
1 0.338661 0.379411 0.0290032 0.014438 0.731289
1 0.33813 0.399176 0.0285787 0.015289 0.724842
2 0.612543 0.747318 0.189865 0.0266998 0.710298
4 0.219865 0.67448 0.0629492 0.071576 0.683596
10 0.187371 0.373222 0.0227497 0.0128467 0.68122
1 0.310483 0.301999 0.0297162 0.0156491 0.673725
1 0.192699 0.537194 0.0299629 0.0150693 0.661269
10 0.393564 0.635023 0.0123415 0.0309662 0.659615
5 0.071381 0.36431 0.137604 0.119803 0.659456
10 0.189463 0.354427 0.0252507 0.0138815 0.652144
2 0.661592 0.46565 0.0478377 0.0241411 0.652039
1 0.374702 0.378134 0.0293326 0.0159569 0.63371
5 0.1297 0.565913 0.0708764 0.0673235 0.632197
2 0.440559 0.26344 0.453317 0.0404897 0.628814
10 0.377208 0.635998 0.0150472 0.0344213 0.603217
10 0.188567 0.413242 0.0259005 0.0128723 0.576183
1 0.187808 0.430115 0.0267302 0.0153619 0.569441
1 0.188121 0.317312 0.0279796 0.0153228 0.553946
10 0.35622 0.553138 0.0274354 0.0144836 0.547706
2 0.661903 0.517493 0.0448305 0.0256967 0.540213
10 0.106394 0.482712 0.0146814 0.0339941 0.531538
10 0.335845 0.463804 0.0225601 0.0134733 0.526721
5 0.145109 0.480729 0.0239007 0.0322239 0.451552
1 0.385769 0.664762 0.0298532 0.016806 0.449503
10 0.337453 0.420092 0.0262726 0.014722 0.43793
3 0.272973 0.742866 0.0601175 0.0290534 0.414948
10 0.277481 0.300887 0.027236 0.0151453 0.406356
2 0.347256 0.259388 0.245013 0.0379203 0.406276
2 0.661584 0.492225 0.0474732 0.0263546 0.393606
10 0.336736 0.44129 0.0254997 0.0147729 0.388156
1 0.229003 0.538357 0.021366 0.0141788 0.376865
1 0.270994 0.537672 0.0198169 0.0144684 0.364761
1 0.277753 0.3013 0.0270787 0.0157824 0.346523
3 0.353226 0.635846 0.0173479 0.0451142 0.311101
10 0.337212 0.48458 0.0242693 0.0134374 0.308145
10 0.2715 0.538351 0.0207403 0.0141102 0.294601
10 0.398192 0.553712 0.0279165 0.0139865 0.276919
1 0.336627 0.440885 0.02412 0.0147061 0.256868
2 0.530726 0.127376 0.938548 0.254752 0.250329
