4 0.333933 0.816889 0.0806612 0.13442 0.957687
4 0.420666 0.817905 0.0842498 0.144629 0.954946
2 0.17156 0.847163 0.184482 0.186079 0.906773
5 0.35288 0.354854 0.0720778 0.111188 0.902257
5 0.342529 0.61357 0.067992 0.063565 0.888677
5 0.205869 0.667132 0.107719 0.118561 0.875877
5 0.377627 0.704605 0.0511822 0.059838 0.875348
2 0.563813 0.936559 0.25713 0.0508676 0.870201
2 0.477002 0.0582801 0.316032 0.0505423 0.866568
2 0.811193 0.94231 0.201552 0.0602457 0.848956
2 0.127813 0.292901 0.219928 0.22971 0.847296
0 0.200014 0.0928929 0.0976204 0.107815 0.842272
10 0.268297 0.313553 0.0271179 0.0573113 0.783055
10 0.452265 0.57043 0.0241711 0.0179166 0.77861
7 0.822664 0.317212 0.0417676 0.0284001 0.777272
5 0.67649 0.691444 0.443486 0.160812 0.762264
2 0.77474 0.0587716 0.25417 0.0557177 0.729141
2 0.902244 0.481031 0.0667658 0.155333 0.717352
1 0.30561 0.445895 0.0346774 0.0240542 0.716503
10 0.452092 0.545277 0.025429 0.0214149 0.708682
1 0.243163 0.624644 0.0274309 0.0199304 0.69119
1 0.38157 0.44536 0.0368173 0.0281779 0.679831
10 0.26665 0.268846 0.037884 0.0272995 0.665704
1 0.421674 0.701531 0.01545 0.0506071 0.658683
2 0.348953 0.210869 0.0588406 0.0398555 0.646201
5 0.213668 0.500922 0.0360318 0.0607058 0.598001
10 0.451633 0.52651 0.0269818 0.021673 0.576645
1 0.266709 0.223064 0.0315351 0.0222844 0.553117
1 0.259191 0.439712 0.03497 0.0280681 0.552652
1 0.334877 0.70166 0.0143075 0.0489866 0.550741
2 0.303653 0.143499 0.0377904 0.0928995 0.541619
1 0.203585 0.164448 0.041287 0.0250976 0.53459
7 0.451485 0.359556 0.0406786 0.0292197 0.533274
1 0.4512 0.216917 0.039935 0.0305954 0.517658
2 0.336889 0.144613 0.0883856 0.0951866 0.49048
1 0.450857 0.439418 0.0347953 0.0230261 0.488649
1 0.34264 0.445686 0.0316387 0.0244998 0.485297
1 0.450582 0.17559 0.0345665 0.0252034 0.48392
7 0.451768 0.216882 0.0425279 0.0301098 0.415616
10 0.451332 0.318522 0.0403658 0.0297619 0.389417
2 0.350577 0.256371 0.0653275 0.0495981 0.384908
10 0.452039 0.536095 0.0295107 0.043131 0.381662
10 0.452061 0.269746 0.0254747 0.062913 0.347067
2 0.308341 0.143242 0.0522337 0.0974969 0.345965
10 0.452148 0.484567 0.0435879 0.0406475 0.342615
3 0.373283 0.931916 0.0842771 0.0529629 0.328893
7 0.613365 0.530742 0.0410999 0.0381308 0.328645
10 0.452941 0.557655 0.0229518 0.0200477 0.31627
10 0.451533 0.409078 0.0334009 0.0208253 0.30754
10 0.26545 0.372166 0.0354265 0.0267688 0.306879
10 0.823794 0.350842 0.0199923 0.0239718 0.303282
2 0.903081 0.427347 0.0615535 0.0461271 0.282444
10 0.452102 0.290794 0.0237585 0.0222078 0.282136
