5 0.255959 0.422688 0.0905879 0.0787402 0.943776
5 0.525928 0.490657 0.144572 0.164921 0.92264
2 0.410627 0.741609 0.185373 0.0313223 0.902247
2 0.930094 0.479069 0.0531893 0.46784 0.867565
2 0.660776 0.491923 0.0457165 0.0771727 0.844543
5 0.287545 0.582799 0.0680255 0.0543164 0.832019
2 0.0999835 0.65843 0.153172 0.100082 0.825498
1 0.18817 0.316813 0.0298917 0.0146264 0.810273
2 0.770289 0.262731 0.185809 0.0382872 0.793732
10 0.272305 0.537299 0.0265756 0.0146973 0.793345
10 0.398183 0.553391 0.0278392 0.0140842 0.764828
10 0.228485 0.536972 0.0244454 0.0135889 0.761056
2 0.816657 0.746317 0.188654 0.0320223 0.751919
1 0.19263 0.537337 0.0309167 0.0150997 0.75112
1 0.188238 0.429703 0.0289496 0.0141776 0.749674
1 0.375116 0.377803 0.0272434 0.0144576 0.747106
0 0.750427 0.499783 0.05826 0.0840033 0.743523
1 0.23265 0.578587 0.015004 0.0337312 0.741985
1 0.312049 0.537792 0.0300456 0.0156802 0.740826
10 0.375456 0.400408 0.0238954 0.0128827 0.735802
1 0.21956 0.673561 0.0646582 0.0763004 0.717134
2 0.570737 0.263322 0.189122 0.038614 0.714469
10 0.355314 0.553173 0.0303433 0.0148288 0.712239
5 0.129718 0.566358 0.0705252 0.0729636 0.709629
10 0.106481 0.482543 0.0151232 0.0347985 0.702644
1 0.337849 0.399598 0.0283069 0.0147009 0.697371
1 0.338319 0.503902 0.0320189 0.0153602 0.689929
2 0.250115 0.493341 0.0923568 0.025303 0.68344
5 0.0569559 0.364622 0.10992 0.116451 0.682234
10 0.394163 0.635735 0.0136636 0.0327267 0.67982
10 0.338841 0.419751 0.0261174 0.0128602 0.675535
1 0.188444 0.335013 0.0305242 0.014988 0.668873
1 0.338204 0.377821 0.0292705 0.0139607 0.659873
2 0.352149 0.26089 0.236602 0.0396615 0.658744
1 0.282716 0.675642 0.063508 0.0728467 0.657818
10 0.187654 0.395028 0.0236548 0.0127731 0.594102
1 0.241732 0.301598 0.0284754 0.0149843 0.575987
10 0.339111 0.441561 0.0254303 0.01319 0.574926
10 0.353307 0.637474 0.0181479 0.0441703 0.501068
10 0.188716 0.353306 0.0227098 0.011786 0.499485
10 0.377109 0.636025 0.0140324 0.0327315 0.494913
8 0.385613 0.606451 0.0284466 0.014598 0.48466
10 0.27417 0.301008 0.02427 0.0135727 0.468789
5 0.145252 0.479861 0.0321729 0.0335986 0.433233
2 0.616238 0.747537 0.190512 0.0324167 0.410238
8 0.397613 0.575301 0.0282442 0.013844 0.407443
1 0.310974 0.30138 0.0295728 0.0136568 0.385687
1 0.18731 0.372926 0.0218867 0.0122031 0.360263
10 0.187719 0.413154 0.0261909 0.0122727 0.35124
5 0.202697 0.57932 0.0297335 0.0351256 0.342082
7 0.375912 0.441065 0.0284842 0.0139294 0.327844
1 0.338141 0.464109 0.0279418 0.0136574 0.322613
12 0.202619 0.57957 0.0292722 0.0356823 0.317134
7 0.385507 0.664451 0.0316916 0.0171493 0.30059
10 0.311807 0.301093 0.0279749 0.0141776 0.293953
10 0.338163 0.484488 0.0310918 0.013877 0.265688
4 0.278334 0.338113 0.106007 0.0529606 0.260109
3 0.353113 0.637069 0.0174485 0.0438667 0.251157
