4 0.421786 0.819901 0.0850728 0.137991 0.953935
4 0.334881 0.818055 0.0825308 0.140957 0.94653
5 0.353125 0.353549 0.0724763 0.105753 0.945095
2 0.169113 0.847965 0.181199 0.189245 0.931732
5 0.343075 0.613613 0.0681757 0.0621148 0.926859
2 0.902969 0.477243 0.0652541 0.146127 0.923884
5 0.20521 0.669497 0.107519 0.121947 0.893402
5 0.37839 0.705128 0.0496733 0.0556564 0.877811
0 0.189073 0.0872308 0.123902 0.119656 0.838877
1 0.450668 0.441103 0.0348092 0.0242715 0.812917
2 0.813369 0.941553 0.201213 0.0546509 0.811735
5 0.210515 0.501503 0.0391552 0.0571448 0.809326
10 0.342804 0.444803 0.0326568 0.0242185 0.804556
2 0.563025 0.936759 0.255734 0.0566581 0.801321
1 0.450982 0.410388 0.0346144 0.024863 0.779035
10 0.265188 0.37216 0.0381598 0.0249411 0.776775
1 0.422247 0.702214 0.0149825 0.0522492 0.767683
1 0.305562 0.445328 0.0349037 0.0262938 0.766009
1 0.451541 0.17684 0.0340437 0.0264606 0.765673
1 0.381082 0.445243 0.0347852 0.0262076 0.736835
7 0.45105 0.360561 0.0424366 0.0295549 0.720824
1 0.266096 0.22218 0.0323554 0.0251654 0.706096
1 0.334909 0.701367 0.0148259 0.0508447 0.695279
2 0.332957 0.144021 0.0955778 0.0946314 0.68971
1 0.258561 0.441461 0.0338698 0.0259715 0.680046
10 0.61316 0.56957 0.0314245 0.021179 0.650909
10 0.265659 0.268053 0.0376784 0.0254613 0.650754
7 0.451001 0.319241 0.041485 0.0290951 0.649782
5 0.682358 0.686902 0.451498 0.176057 0.634312
10 0.823107 0.355023 0.0277224 0.0285201 0.627482
2 0.777298 0.0685046 0.258692 0.0670622 0.615183
10 0.451824 0.484987 0.0413398 0.0425506 0.585287
2 0.779819 0.0613904 0.261615 0.0465185 0.562136
7 0.822541 0.317649 0.0434434 0.0283535 0.521529
10 0.451615 0.268194 0.0277672 0.0611172 0.501034
3 0.270276 0.143645 0.0258331 0.0901883 0.491598
1 0.451933 0.217522 0.0410709 0.0299076 0.482825
2 0.159935 0.499384 0.0459363 0.115075 0.441777
1 0.640755 0.792368 0.0346147 0.0255047 0.429833
10 0.823245 0.349973 0.0278132 0.0197982 0.393123
10 0.267183 0.315073 0.030673 0.0599474 0.39118
10 0.822806 0.385181 0.0259336 0.030809 0.388578
2 0.480819 0.0649656 0.324717 0.0592957 0.354932
5 0.452156 0.549186 0.0276505 0.0637496 0.33072
1 0.204693 0.164504 0.0407382 0.0248687 0.319763
10 0.640876 0.792464 0.0351803 0.0266823 0.312146
2 0.129378 0.29096 0.206402 0.22045 0.30873
5 0.269947 0.143789 0.025162 0.093791 0.303287
5 0.374479 0.931938 0.0849007 0.0521181 0.290775
