4 0.333318 0.819089 0.081574 0.142325 0.950195
4 0.420096 0.820971 0.0840347 0.131465 0.949984
5 0.353485 0.352921 0.0710531 0.109728 0.943791
2 0.90342 0.475756 0.0643383 0.148384 0.920815
2 0.16845 0.84712 0.182817 0.190114 0.902682
5 0.378775 0.704794 0.0514307 0.0559974 0.901932
5 0.343077 0.614036 0.0716049 0.0679784 0.897327
5 0.20595 0.667215 0.107708 0.123143 0.874359
5 0.211004 0.499603 0.0393753 0.0591116 0.83306
1 0.451286 0.439541 0.0332273 0.0245099 0.811441
7 0.451113 0.31701 0.0415759 0.0308473 0.810065
1 0.450948 0.4097 0.0341543 0.0247364 0.80945
1 0.381616 0.444748 0.0345869 0.0287133 0.808773
1 0.259037 0.439278 0.0353904 0.0267277 0.80527
5 0.451525 0.546556 0.0299108 0.0672107 0.778502
7 0.450898 0.359535 0.0415919 0.0314798 0.774545
0 0.1904 0.0866277 0.114752 0.116589 0.76229
2 0.562049 0.936523 0.257855 0.0520329 0.761436
1 0.305372 0.444459 0.0345187 0.027306 0.752907
1 0.422154 0.69971 0.0148488 0.0504486 0.748229
2 0.478564 0.0585922 0.320497 0.053424 0.739338
10 0.265223 0.370991 0.0398463 0.0264058 0.737999
1 0.334879 0.700075 0.0157454 0.0512847 0.713374
2 0.778863 0.0724603 0.260072 0.0782156 0.711236
5 0.681541 0.682658 0.45726 0.172681 0.697658
7 0.452276 0.21597 0.0428734 0.0307458 0.683891
10 0.268136 0.321369 0.0296949 0.0499758 0.639982
10 0.614356 0.568392 0.030299 0.0205512 0.623416
1 0.264881 0.220518 0.0316738 0.0246172 0.621295
10 0.265818 0.267544 0.0379034 0.0272533 0.619201
2 0.811494 0.939816 0.20174 0.0607059 0.618136
1 0.640702 0.791765 0.0368752 0.0263313 0.613916
1 0.450948 0.175635 0.0341326 0.0270529 0.604941
2 0.159763 0.500045 0.0451318 0.111823 0.588638
1 0.344585 0.443365 0.0311723 0.0268884 0.545935
10 0.822672 0.353714 0.0267852 0.0307776 0.521147
5 0.451405 0.267551 0.0308597 0.064774 0.518245
10 0.343354 0.443336 0.0333575 0.0260187 0.461116
10 0.516956 0.507142 0.017721 0.0209487 0.427238
10 0.452032 0.483834 0.0427933 0.0434283 0.384739
10 0.822831 0.369406 0.0272574 0.0643631 0.343699
5 0.374281 0.930877 0.0847729 0.0577566 0.321418
10 0.268631 0.290008 0.0317762 0.019045 0.31857
10 0.451987 0.267521 0.031606 0.0650299 0.303721
2 0.127831 0.289722 0.209158 0.226673 0.303379
2 0.303537 0.144376 0.0328263 0.0918119 0.288756
2 0.776119 0.0614105 0.262617 0.051006 0.278852
2 0.3451 0.143105 0.052827 0.0883942 0.27277
3 0.270073 0.131665 0.0255655 0.0676027 0.270671
6 0.452269 0.483994 0.0417789 0.0440762 0.261426
