5 0.670698 0.476083 0.0944504 0.140095 0.954568
2 0.593116 0.424652 0.0249961 0.243279 0.934993
2 0.851124 0.473735 0.164871 0.186241 0.92911
5 0.445288 0.530463 0.124897 0.185914 0.923976
4 0.192195 0.81513 0.0740339 0.117646 0.89704
5 0.384078 0.819511 0.0207216 0.0489948 0.89384
2 0.192022 0.52393 0.0422015 0.308245 0.890437
2 0.0971028 0.812767 0.062588 0.110612 0.880187
1 0.464963 0.407945 0.0441787 0.0350447 0.867353
5 0.268155 0.81343 0.0657604 0.152406 0.838599
1 0.46538 0.372943 0.0432596 0.0324227 0.827678
2 0.613185 0.759208 0.0526194 0.306 0.807005
2 0.67173 0.189813 0.117386 0.172274 0.780362
5 0.373444 0.288022 0.03165 0.0468278 0.772627
1 0.744765 0.463774 0.0125267 0.0323153 0.728845
1 0.405116 0.281771 0.0203447 0.0575089 0.726797
2 0.352968 0.195122 0.0760339 0.0728909 0.712035
10 0.804851 0.243381 0.0108265 0.0327074 0.632038
5 0.487932 0.731668 0.0246309 0.0186175 0.606062
2 0.49876 0.234959 0.107281 0.161417 0.603471
5 0.268446 0.316369 0.0634117 0.0833581 0.561482
2 0.13172 0.191925 0.0941469 0.0765891 0.556902
2 0.108771 0.191015 0.046845 0.0754932 0.551775
10 0.416634 0.709102 0.00828816 0.024106 0.533872
2 0.215158 0.192316 0.0290149 0.0665524 0.525028
1 0.70698 0.573186 0.0238724 0.0148286 0.501057
2 0.27148 0.19478 0.0491668 0.0681344 0.482551
10 0.462125 0.721741 0.00920028 0.0223738 0.465154
1 0.777474 0.243209 0.011646 0.0364065 0.458814
5 0.384812 0.758315 0.0313027 0.0389879 0.455832
2 0.777726 0.780583 0.208813 0.255272 0.399412
2 0.582368 0.240631 0.0305518 0.047697 0.397372
3 0.33241 0.283428 0.0300807 0.0648406 0.396634
10 0.430041 0.71574 0.0113979 0.038641 0.387289
10 0.448456 0.716677 0.0110263 0.0369162 0.379486
1 0.640238 0.331787 0.0077554 0.0185102 0.378006
1 0.619934 0.572923 0.0265674 0.0163361 0.376341
1 0.730266 0.406947 0.00765464 0.0230379 0.354181
1 0.212679 0.253513 0.00821452 0.0189829 0.343402
2 0.289256 0.584607 0.0728843 0.0222451 0.33409
10 0.74426 0.414141 0.0121765 0.0377573 0.316392
10 0.652274 0.331592 0.00788879 0.0198246 0.316338
